5372
0
6719
0
5435
6542
8170
8470
6108
0
5991
8581
5173
9167
11250
5281
7891
8059
8828
9496
6669
5737
10820
7234
7998
8409
4672
6632
6704
10250
11903
0
5441
8239
7428
5033
0
5833
9434
0
8220
4749
8531
9190
4584
7497
8135
0
9828
10459
5795
8012
5921
6987
9921
0
0
6059
0
7782
7882
5385
6694
6466
0
5524
0
5108
6066
7562
8715
6687
7668
6486
5425
5291
0
8847
0
8841
0
0
4927
0
4415
4957
6126
5994
6415
8757
4857
5187
0
5189
4570
0
7659
7136
6074
5572
6887
5879
6126
4886
4183
10334
7780
6499
5720
5819
8002
5417
6195
0
6286
0
6440
0
4844
8009
5098
6966
5587
5399
5639
6601
6019
7228
5244
0
0
6977
4986
0
0
8155
4794
7936
5432
9688
0
7868
0
5022
4747
5032
0
7555
7262
0
4777
4830
0
4183
6108
0
0
0
0
0
0
7775
5352
4774
0
4073
4466
4514
4606
4771
